0          C                         67   5
1          C++               1535458403   7
2          Java              1675714860   2
3          C#                 431117552  25
4          Python             481257876  19
5          Go                 232492024  22
6          Scala             1047644580  14
7          vb.net             550038443  18
8          JavaScript         711855001  17
9          PHP               1664999048  22
10         Perl               340008717   4
11         Ruby               677893036   9
