0          C                 787808363   0
1          C++              1654358160   8
2          Java              243781191  12
3          C#               1151880694  23
4          Python           1598220863  22
5          Go               1151880987   6
6          Scala            1469745066   5
7          vb.net           2007369134   1
8          JavaScript       1188208249  11
9          PHP              1654411231   7
10         Perl              246208848  28
11         Ruby              245976618  19
